SUCCESS: 2024-03-06T12:44:58.104168 Mike s, ACC1 was registered
SUCCESS: 2024-03-06T12:45:39.799600 John P, ACC2 was registered
SUCCESS: 2024-03-06T12:46:26.045098 Sara S, AC1 was registered
SUCCESS: 2024-03-06T12:46:53.910979 Mike P, AC2 was registered
ERROR: 2024-03-06T12:47:30.168324 AC1 or AC5 doesn't exist!
TRANSFER ERROR: 2024-03-06T12:47:47.853459 AC1 has less than 10000.0
SUCCESS: 2024-03-07T10:47:49.063866 Mike S, AC1 was registered
SUCCESS: 2024-03-07T10:47:58.169911 Sara N, AC2 was registered
TRANSFER ERROR: 2024-03-07T10:48:18.566128 AC1 has less than 500.0
